amqp 5.5 5.6 7.0 7.1 7.2 7.3 7.4 8.0 8.1 8.2 8.3 8.4 8.5 8.6
apcu 5.5 5.6 7.0 7.1 7.2 7.3 7.4 8.0 8.1 8.2 8.3 8.4 8.5 8.6
apcu_bc 7.0 7.1 7.2 7.3 7.4 8.6
ast 7.0 7.1 7.2 7.3 7.4 8.0 8.1 8.2 8.3 8.4 8.5 8.6
bcmath 5.5 5.6 7.0 7.1 7.2 7.3 7.4 8.0 8.1 8.2 8.3 8.4 8.5 8.6
bitset 5.5 5.6 7.0 7.1 7.2 7.3 7.4 8.0 8.1 8.2 8.3 8.4 8.5 8.6
blackfire 5.5 5.6 7.0 7.1 7.2 7.3 7.4 8.0 8.1 8.2 8.3 8.4 8.5 8.6
brotli 7.0 7.1 7.2 7.3 7.4 8.0 8.1 8.2 8.3 8.4 8.5 8.6
bz2 5.5 5.6 7.0 7.1 7.2 7.3 7.4 8.0 8.1 8.2 8.3 8.4 8.5 8.6
calendar 5.5 5.6 7.0 7.1 7.2 7.3 7.4 8.0 8.1 8.2 8.3 8.4 8.5 8.6
cassandra 7.2 7.3 7.4 8.0 8.1 8.2 8.3 8.4 8.5 8.6
cmark 7.0 7.1 7.2 7.3 7.4 8.6
csv 7.3 7.4 8.0 8.1 8.2 8.3 8.4 8.5 8.6
dba 5.5 5.6 7.0 7.1 7.2 7.3 7.4 8.0 8.1 8.2 8.3 8.4 8.5 8.6
ddtrace 5.6 7.0 7.1 7.2 7.3 7.4 8.0 8.1 8.2 8.3 8.4 8.5 8.6
decimal 7.0 7.1 7.2 7.3 7.4 8.0 8.1 8.2 8.3 8.4 8.5 8.6
ds 7.0 7.1 7.2 7.3 7.4 8.0 8.1 8.2 8.3 8.4 8.5 8.6
ecma_intl 8.2 8.3 8.6
enchant 5.5 5.6 7.0 7.1 7.2 7.3 7.4 8.0 8.1 8.2 8.3 8.4 8.5 8.6
ev 5.5 5.6 7.0 7.1 7.2 7.3 7.4 8.0 8.1 8.2 8.3 8.4 8.5 8.6
event 5.5 5.6 7.0 7.1 7.2 7.3 7.4 8.0 8.1 8.2 8.3 8.4 8.5 8.6
excimer 7.1 7.2 7.3 7.4 8.0 8.1 8.2 8.3 8.4 8.5 8.6
exif 5.5 5.6 7.0 7.1 7.2 7.3 7.4 8.0 8.1 8.2 8.3 8.4 8.5 8.6
ffi 7.4 8.0 8.1 8.2 8.3 8.4 8.5 8.6
ftp 8.2 8.3 8.4 8.5 8.6
gd 5.5 5.6 7.0 7.1 7.2 7.3 7.4 8.0 8.1 8.2 8.3 8.4 8.5 8.6
gearman 5.5 5.6 7.0 7.1 7.2 7.3 7.4 8.0 8.1 8.2 8.3 8.4 8.5 8.6
geoip 5.5 5.6 7.0 7.1 7.2 7.3 7.4 8.6
geos 5.5 5.6 7.0 7.1 7.2 7.3 7.4 8.0 8.1 8.2 8.3 8.4 8.5 8.6
geospatial 5.5 5.6 7.0 7.1 7.2 7.3 7.4 8.0 8.1 8.2 8.3 8.4 8.5 8.6
gettext 5.5 5.6 7.0 7.1 7.2 7.3 7.4 8.0 8.1 8.2 8.3 8.4 8.5 8.6
gmagick 5.5 5.6 7.0 7.1 7.2 7.3 7.4 8.0 8.1 8.2 8.3 8.4 8.6
gmp 5.5 5.6 7.0 7.1 7.2 7.3 7.4 8.0 8.1 8.2 8.3 8.4 8.5 8.6
gnupg 5.5 5.6 7.0 7.1 7.2 7.3 7.4 8.0 8.1 8.2 8.3 8.4 8.5 8.6
grpc 5.5 5.6 7.0 7.1 7.2 7.3 7.4 8.0 8.1 8.2 8.3 8.4 8.5 8.6
http 5.5 5.6 7.0 7.1 7.2 7.3 7.4 8.0 8.1 8.2 8.3 8.4 8.5 8.6
igbinary 5.5 5.6 7.0 7.1 7.2 7.3 7.4 8.0 8.1 8.2 8.3 8.4 8.5 8.6
imagick 5.5 5.6 7.0 7.1 7.2 7.3 7.4 8.0 8.1 8.2 8.3 8.4 8.5 8.6
imap 5.5 5.6 7.0 7.1 7.2 7.3 7.4 8.0 8.1 8.2 8.3 8.4 8.5 8.6
inotify 5.5 5.6 7.0 7.1 7.2 7.3 7.4 8.0 8.1 8.2 8.3 8.4 8.5 8.6
interbase 5.5 5.6 7.0 7.1 7.2 7.3 8.6
intl 5.5 5.6 7.0 7.1 7.2 7.3 7.4 8.0 8.1 8.2 8.3 8.4 8.5 8.6
ion 8.1 8.2 8.3 8.4 8.5 8.6
ioncube_loader 5.5 5.6 7.0 7.1 7.2 7.3 7.4 8.1 8.2 8.3 8.4 8.5 8.6
ip2location 8.0 8.1 8.2 8.3 8.4 8.5 8.6
jsmin 5.5 5.6 7.0 7.1 7.2 7.3 7.4 8.6
json_post 5.5 5.6 7.0 7.1 7.2 7.3 7.4 8.0 8.1 8.2 8.3 8.4 8.5 8.6
jsonpath 7.4 8.0 8.1 8.2 8.3 8.4 8.5 8.6
judy 8.0 8.1 8.2 8.3 8.4 8.5 8.6
ldap 5.5 5.6 7.0 7.1 7.2 7.3 7.4 8.0 8.1 8.2 8.3 8.4 8.5 8.6
luasandbox 5.5 5.6 7.0 7.1 7.2 7.3 7.4 8.0 8.1 8.2 8.3 8.4 8.5 8.6
lz4 5.6 7.0 7.1 7.2 7.3 7.4 8.0 8.1 8.2 8.3 8.4 8.5 8.6
lzf 5.5 5.6 7.0 7.1 7.2 7.3 7.4 8.0 8.1 8.2 8.3 8.4 8.5 8.6
mailparse 5.5 5.6 7.0 7.1 7.2 7.3 7.4 8.0 8.1 8.2 8.3 8.4 8.5 8.6
maxminddb 7.2 7.3 7.4 8.0 8.1 8.2 8.3 8.4 8.5 8.6
mcrypt 5.5 5.6 7.0 7.1 7.2 7.3 7.4 8.0 8.1 8.2 8.3 8.4 8.5 8.6
md4c 8.0 8.1 8.2 8.3 8.4 8.5 8.6
memcache 5.5 5.6 7.0 7.1 7.2 7.3 7.4 8.0 8.1 8.2 8.3 8.4 8.6
memcached 5.5 5.6 7.0 7.1 7.2 7.3 7.4 8.0 8.1 8.2 8.3 8.4 8.5 8.6
memprof 5.5 5.6 7.0 7.1 7.2 7.3 7.4 8.0 8.1 8.2 8.3 8.4 8.5 8.6
mongo 5.5 5.6 8.6
mongodb 5.5 5.6 7.0 7.1 7.2 7.3 7.4 8.0 8.1 8.2 8.3 8.4 8.5 8.6
mosquitto 5.5 5.6 7.0 7.1 7.2 7.3 7.4 8.6
msgpack 5.5 5.6 7.0 7.1 7.2 7.3 7.4 8.0 8.1 8.2 8.3 8.4 8.5 8.6
mssql 5.5 5.6 8.6
mysql 5.5 5.6 8.6
mysqli 5.5 5.6 7.0 7.1 7.2 7.3 7.4 8.0 8.1 8.2 8.3 8.4 8.5 8.6
newrelic 7.0 7.1 7.2 7.3 7.4 8.0 8.1 8.2 8.3 8.4 8.5 8.6
nsq 7.0 7.1 7.2 7.3 7.4 8.0 8.1 8.2 8.3 8.4 8.6
oauth 5.5 5.6 7.0 7.1 7.2 7.3 7.4 8.0 8.1 8.2 8.3 8.4 8.5 8.6
oci8 5.5 5.6 7.0 7.1 7.2 7.3 7.4 8.0 8.1 8.2 8.3 8.4 8.5 8.6
odbc 5.5 5.6 7.0 7.1 7.2 7.3 7.4 8.0 8.1 8.2 8.3 8.4 8.5 8.6
opcache 5.5 5.6 7.0 7.1 7.2 7.3 7.4 8.0 8.1 8.2 8.3 8.4 8.5 8.6
opencensus 7.0 7.1 7.2 7.3 7.4 8.0 8.1 8.2 8.3 8.6
openswoole 7.2 7.3 7.4 8.0 8.1 8.2 8.3 8.4 8.5 8.6
opentelemetry 8.0 8.1 8.2 8.3 8.4 8.5 8.6
operator 8.2 8.3 8.4 8.5 8.6
parallel 7.1 7.2 7.3 7.4 8.0 8.1 8.2 8.3 8.4 8.5 8.6
parle 7.0 7.1 7.2 7.3 7.4 8.0 8.1 8.2 8.3 8.4 8.6
pcntl 5.5 5.6 7.0 7.1 7.2 7.3 7.4 8.0 8.1 8.2 8.3 8.4 8.5 8.6
pcov 7.0 7.1 7.2 7.3 7.4 8.0 8.1 8.2 8.3 8.4 8.5 8.6
pdo_dblib 5.5 5.6 7.0 7.1 7.2 7.3 7.4 8.0 8.1 8.2 8.3 8.4 8.5 8.6
pdo_firebird 5.5 5.6 7.0 7.1 7.2 7.3 7.4 8.0 8.1 8.2 8.3 8.4 8.5 8.6
pdo_mysql 5.5 5.6 7.0 7.1 7.2 7.3 7.4 8.0 8.1 8.2 8.3 8.4 8.5 8.6
pdo_oci 7.0 7.1 7.2 7.3 7.4 8.0 8.1 8.2 8.3 8.4 8.5 8.6
pdo_odbc 5.5 5.6 7.0 7.1 7.2 7.3 7.4 8.0 8.1 8.2 8.3 8.4 8.5 8.6
pdo_pgsql 5.5 5.6 7.0 7.1 7.2 7.3 7.4 8.0 8.1 8.2 8.3 8.4 8.5 8.6
pdo_snowflake 7.0 7.1 7.2 7.3 7.4 8.0 8.1 8.2 8.3 8.4 8.5 8.6
pdo_sqlsrv 7.0 7.1 7.2 7.3 7.4 8.0 8.1 8.2 8.3 8.4 8.5 8.6
pgsql 5.5 5.6 7.0 7.1 7.2 7.3 7.4 8.0 8.1 8.2 8.3 8.4 8.5 8.6
phalcon 7.2 7.3 7.4 8.0 8.1 8.2 8.3 8.4 8.5 8.6
php_trie 7.3 7.4 8.0 8.1 8.2 8.3 8.4 8.6
phpy 8.1 8.2 8.3 8.4 8.5 8.6
pkcs11 7.4 8.0 8.1 8.2 8.3 8.4 8.5 8.6
pq 7.0 7.1 7.2 7.3 7.4 8.0 8.1 8.2 8.3 8.4 8.5 8.6
propro 5.5 5.6 7.0 7.1 7.2 7.3 7.4 8.6
protobuf 5.5 5.6 7.0 7.1 7.2 7.3 7.4 8.0 8.1 8.2 8.3 8.4 8.5 8.6
pspell 5.5 5.6 7.0 7.1 7.2 7.3 7.4 8.0 8.1 8.2 8.3 8.4 8.5 8.6
psr 5.5 5.6 7.0 7.1 7.2 7.3 7.4 8.0 8.1 8.2 8.3 8.4 8.5 8.6
pthreads 5.5 5.6 7.0 8.6
raphf 5.5 5.6 7.0 7.1 7.2 7.3 7.4 8.0 8.1 8.2 8.3 8.4 8.5 8.6
rdkafka 5.5 5.6 7.0 7.1 7.2 7.3 7.4 8.0 8.1 8.2 8.3 8.4 8.5 8.6
recode 5.5 5.6 7.0 7.1 7.2 7.3 8.6
redis 5.5 5.6 7.0 7.1 7.2 7.3 7.4 8.0 8.1 8.2 8.3 8.4 8.5 8.6
relay 7.4 8.0 8.1 8.2 8.3 8.4 8.5 8.6
rrd 5.5 5.6 7.0 7.1 7.2 7.3 7.4 8.0 8.1 8.2 8.3 8.4 8.5 8.6
saxon 7.0 7.1 7.2 7.3 7.4 8.0 8.1 8.2 8.3 8.4 8.5 8.6
seasclick 5.5 5.6 7.0 7.1 7.2 7.3 7.4 8.0 8.1 8.2 8.3 8.4 8.5 8.6
seaslog 5.5 5.6 7.0 7.1 7.2 7.3 7.4 8.0 8.1 8.2 8.3 8.6
shmop 5.5 5.6 7.0 7.1 7.2 7.3 7.4 8.0 8.1 8.2 8.3 8.4 8.5 8.6
simdjson 7.1 7.2 7.3 7.4 8.0 8.1 8.2 8.3 8.4 8.5 8.6
smbclient 5.5 5.6 7.0 7.1 7.2 7.3 7.4 8.0 8.1 8.2 8.3 8.4 8.5 8.6
snappy 5.5 5.6 7.0 7.1 7.2 7.3 7.4 8.0 8.1 8.2 8.3 8.4 8.5 8.6
snmp 5.5 5.6 7.0 7.1 7.2 7.3 7.4 8.0 8.1 8.2 8.3 8.4 8.5 8.6
snuffleupagus 7.0 7.1 7.2 7.3 7.4 8.0 8.1 8.2 8.3 8.4 8.5 8.6
soap 5.5 5.6 7.0 7.1 7.2 7.3 7.4 8.0 8.1 8.2 8.3 8.4 8.5 8.6
sockets 5.5 5.6 7.0 7.1 7.2 7.3 7.4 8.0 8.1 8.2 8.3 8.4 8.5 8.6
sodium 5.6 7.0 7.1 8.6
solr 5.5 5.6 7.0 7.1 7.2 7.3 7.4 8.0 8.1 8.2 8.3 8.4 8.5 8.6
sourceguardian 5.5 5.6 7.0 7.1 7.2 7.3 7.4 8.0 8.1 8.2 8.3 8.4 8.5 8.6
spx 5.5 5.6 7.0 7.1 7.2 7.3 7.4 8.0 8.1 8.2 8.3 8.4 8.5 8.6
sqlsrv 7.0 7.1 7.2 7.3 7.4 8.0 8.1 8.2 8.3 8.4 8.5 8.6
ssh2 5.5 5.6 7.0 7.1 7.2 7.3 7.4 8.0 8.1 8.2 8.3 8.4 8.5 8.6
statgrab 8.0 8.1 8.2 8.3 8.4 8.5 8.6
stomp 5.5 5.6 7.0 7.1 7.2 7.3 7.4 8.2 8.3 8.4 8.6
swoole 5.5 5.6 7.0 7.1 7.2 7.3 7.4 8.0 8.1 8.2 8.3 8.4 8.5 8.6
sybase_ct 5.5 5.6 8.6
sync 5.5 5.6 7.0 7.1 7.2 7.3 7.4 8.0 8.1 8.2 8.3 8.4 8.6
sysvmsg 5.5 5.6 7.0 7.1 7.2 7.3 7.4 8.0 8.1 8.2 8.3 8.4 8.5 8.6
sysvsem 5.5 5.6 7.0 7.1 7.2 7.3 7.4 8.0 8.1 8.2 8.3 8.4 8.5 8.6
sysvshm 5.5 5.6 7.0 7.1 7.2 7.3 7.4 8.0 8.1 8.2 8.3 8.4 8.5 8.6
tensor 7.2 7.3 7.4 8.0 8.1 8.2 8.3 8.4 8.5 8.6
tideways 5.5 5.6 7.0 7.1 7.2 7.3 7.4 8.0 8.1 8.2 8.3 8.4 8.5 8.6
tidy 5.5 5.6 7.0 7.1 7.2 7.3 7.4 8.0 8.1 8.2 8.3 8.4 8.5 8.6
timezonedb 5.5 5.6 7.0 7.1 7.2 7.3 7.4 8.0 8.1 8.2 8.3 8.4 8.5 8.6
translit 5.5 5.6 7.0 7.1 7.2 7.3 7.4 8.0 8.1 8.2 8.3 8.4 8.5 8.6
uopz 5.5 5.6 7.0 7.1 7.2 7.3 7.4 8.0 8.1 8.2 8.3 8.6
uploadprogress 5.5 5.6 7.0 7.1 7.2 7.3 7.4 8.0 8.1 8.2 8.3 8.4 8.5 8.6
uuid 5.5 5.6 7.0 7.1 7.2 7.3 7.4 8.0 8.1 8.2 8.3 8.4 8.5 8.6
uv 8.0 8.1 8.2 8.3 8.4 8.5 8.6
v8js 8.0 8.1 8.2 8.3 8.4 8.5 8.6
vips 7.0 7.1 7.2 7.3 7.4 8.0 8.1 8.2 8.3 8.4 8.5 8.6
vld 5.5 5.6 7.0 7.1 7.2 7.3 7.4 8.0 8.1 8.2 8.3 8.4 8.5 8.6
wddx 5.5 5.6 7.0 7.1 7.2 7.3 8.6
wikidiff2 7.1 7.2 7.3 7.4 8.0 8.1 8.2 8.3 8.4 8.5 8.6
xattr 5.5 5.6 7.0 7.1 7.2 7.3 7.4 8.0 8.1 8.2 8.3 8.4 8.5 8.6
xdebug 5.5 5.6 7.0 7.1 7.2 7.3 7.4 8.0 8.1 8.2 8.3 8.4 8.5 8.6
xdiff 5.5 5.6 7.0 7.1 7.2 7.3 7.4 8.0 8.1 8.2 8.3 8.4 8.5 8.6
xhprof 5.5 5.6 7.0 7.1 7.2 7.3 7.4 8.0 8.1 8.2 8.3 8.4 8.5 8.6
xlswriter 7.0 7.1 7.2 7.3 7.4 8.0 8.1 8.2 8.3 8.4 8.5 8.6
xmldiff 5.5 5.6 7.0 7.1 7.2 7.3 7.4 8.0 8.1 8.2 8.3 8.4 8.5 8.6
xmlrpc 5.5 5.6 7.0 7.1 7.2 7.3 7.4 8.0 8.1 8.2 8.3 8.4 8.5 8.6
xpass 8.0 8.1 8.2 8.3 8.4 8.5 8.6
xsl 5.5 5.6 7.0 7.1 7.2 7.3 7.4 8.0 8.1 8.2 8.3 8.4 8.5 8.6
yac 7.0 7.1 7.2 7.3 7.4 8.0 8.1 8.2 8.3 8.4 8.5 8.6
yaml 5.5 5.6 7.0 7.1 7.2 7.3 7.4 8.0 8.1 8.2 8.3 8.4 8.5 8.6
yar 5.5 5.6 7.0 7.1 7.2 7.3 7.4 8.0 8.1 8.2 8.3 8.4 8.5 8.6
zephir_parser 7.0 7.1 7.2 7.3 7.4 8.0 8.1 8.2 8.3 8.4 8.5 8.6
zip 5.5 5.6 7.0 7.1 7.2 7.3 7.4 8.0 8.1 8.2 8.3 8.4 8.5 8.6
zmq 5.5 5.6 7.0 7.1 7.2 7.3 7.4 8.0 8.1 8.2 8.3 8.4 8.6
zookeeper 5.5 5.6 7.0 7.1 7.2 7.3 7.4 8.0 8.1 8.2 8.3 8.4 8.5 8.6
zstd 5.5 5.6 7.0 7.1 7.2 7.3 7.4 8.0 8.1 8.2 8.3 8.4 8.5 8.6
